AGGRES=1.000000
CAPITAL=8500000.000000
DATA=34.540001
DAY_MINUTES=360.000000
FUDGE=0.100000
INTERV=45.000000
INVESTOR=8888.000000
RISK=999.000000
TYR=235.000000
WATCHMONTH=4.000000
